144 3 50 3
Wave 1:
E: 139 75, 141 17, 68 97, 142 80, 66 60, 60 141, 57 63, 125 85, 8 21, 55 105, 18 117, 71 132, 3 49, 133 52, 1 79, 81 84, 2 29, 119 7, 24 90, 82 28, 14 58, 117 80, 118 54, 102 9, 102 134, 37 20, 116 78, 118 75, 99 135, 25 76, 17 99, 82 67, 99 21, 37 111, 60 51, 6 74, 53 134, 35 92, 78 60, 119 131, 124 63, 82 94, 108 0, 111 142, 83 77, 44 79, 14 84, 122 7, 108 24, 57 18
F: 18 139, 98 31, 29 23, 93 50, 142 71, 4 3, 105 116, 21 135, 120 16, 57 33, 135 74, 5 71, 134 27, 96 131, 143 87, 110 38, 140 30, 2 136, 12 116, 15 139, 127 48, 60 107, 62 74, 116 115, 129 45, 111 12, 75 120, 66 120, 49 110, 86 49, 0 77, 105 29, 19 90, 126 112, 62 24, 11 110, 90 104, 106 33, 60 11, 100 96, 138 80, 1 68, 109 108, 135 90, 53 51, 7 118, 139 54, 111 47, 24 82, 87 129
W: 128 81, 96 43, 89 7, 34 71, 140 52, 129 119, 51 1, 94 70, 20 90, 61 15, 127 21, 100 37, 65 73, 84 120, 98 137, 80 40, 119 62, 43 33, 120 9, 100 119, 95 22, 133 131, 111 15, 20 19, 101 108, 100 27, 85 127, 17 75, 47 143, 68 65, 76 5, 75 13, 110 46, 30 90, 7 73, 6 135, 80 57, 119 140, 126 124, 11 52, 98 62, 81 43, 63 102, 57 116, 52 71, 135 84, 23 32, 68 125, 101 76, 128 72
A: 12 117, 51 105, 23 62, 111 68, 123 94, 88 100, 96 116, 129 128, 105 21, 107 12, 117 120, 121 23, 14 52, 27 43, 131 36, 35 32, 57 29, 109 12, 14 3, 24 47, 16 98, 3 15, 12 24, 80 21, 125 84, 31 34, 108 13, 85 84, 16 58, 112 7, 115 64, 72 59, 81 129, 101 135, 91 51, 1 81, 27 109, 30 50, 10 47, 65 108, 72 28, 135 66, 2 113, 84 42, 139 42, 8 77, 41 83, 69 105, 117 121, 64 2

Wave 2:
E: 23 65, 122 98, 50 119, 105 0, 57 106, 50 3, 55 14, 5 10, 141 93, 123 72, 72 60, 139 126, 84 4, 20 120, 4 118, 29 16, 100 119, 26 26, 34 134, 143 135, 65 106, 140 54, 98 51, 55 89, 71 49, 43 127, 138 81, 24 4, 24 126, 128 122, 47 106, 63 124, 118 35, 143 58, 39 92, 17 65, 96 59, 93 17, 91 23, 73 45, 35 119, 118 138, 85 74, 1 132, 8 83, 99 76, 33 140, 27 99, 29 5, 135 53
F: 88 33, 127 107, 98 95, 6 79, 110 17, 82 35, 84 32, 71 108, 74 3, 67 34, 30 140, 94 24, 137 10, 7 123, 100 110, 59 39, 79 133, 54 0, 59 100, 104 16, 56 55, 63 9, 66 24, 79 99, 18 66, 126 76, 34 94, 93 137, 16 0, 142 48, 26 4, 63 75, 131 38, 102 44, 143 125, 143 9, 105 7, 61 10, 8 92, 20 91, 48 107, 24 61, 37 25, 27 87, 89 38, 24 134, 46 73, 139 118, 48 128, 114 15
W: 41 104, 121 97, 45 132, 35 109, 63 95, 135 16, 80 135, 67 22, 29 38, 19 131, 36 92, 129 143, 112 72, 62 129, 108 38, 20 13, 114 23, 31 10, 114 32, 88 47, 138 69, 51 128, 100 88, 123 10, 113 9, 105 32, 102 39, 55 49, 10 26, 29 67, 37 108, 69 48, 23 66, 17 108, 77 125, 58 2, 52 117, 69 66, 70 126, 3 69, 62 39, 69 133, 108 64, 72 46, 89 44, 93 26, 17 31, 78 41, 26 128, 95 121
A: 97 127, 116 43, 29 23, 22 75, 125 3, 22 139, 45 138, 138 73, 63 43, 35 57, 101 57, 62 114, 85 27, 59 36, 139 68, 45 46, 65 91, 3 113, 101 17, 64 129, 52 103, 103 78, 126 110, 24 26, 56 3, 14 107, 77 68, 114 90, 138 63, 114 47, 31 101, 24 4, 32 136, 70 35, 26 65, 10 17, 120 115, 2 13, 99 98, 105 111, 58 63, 138 117, 58 11, 100 78, 1 56, 25 2, 81 116, 137 63, 49 66, 96 86

Wave 3:
E: 16 26, 107 46, 15 24, 133 74, 77 133, 68 45, 107 67, 99 118, 132 57, 79 57, 49 114, 57 121, 48 2, 118 140, 94 88, 13 14, 88 142, 105 97, 6 11, 98 24, 143 71, 38 86, 72 23, 23 131, 3 67, 51 116, 123 102, 51 61, 70 72, 85 118, 4 81, 70 136, 38 113, 101 114, 64 40, 64 46, 101 86, 57 86, 8 47, 13 31, 135 66, 49 103, 24 82, 10 129, 80 29, 15 3, 9 82, 12 56, 139 127, 11 33
F: 138 110, 109 16, 75 48, 104 35, 88 115, 17 128, 137 99, 49 44, 46 48, 137 56, 108 32, 49 71, 1 21, 127 109, 133 64, 67 128, 133 9, 84 25, 86 22, 82 34, 53 22, 53 28, 66 50, 59 78, 4 136, 74 11, 13 62, 76 139, 86 113, 122 75, 142 118, 30 93, 30 38, 22 55, 22 134, 90 95, 128 27, 117 85, 47 136, 69 133, 70 13, 90 113, 91 84, 95 63, 46 3, 54 50, 4 104, 48 9, 82 72, 2 143
W: 98 31, 52 104, 29 136, 72 140, 139 87, 64 23, 99 115, 107 116, 124 86, 74 67, 76 131, 110 102, 74 21, 24 75, 81 11, 79 139, 112 17, 115 20, 86 126, 57 29, 46 93, 34 18, 0 59, 112 53, 83 11, 93 73, 139 107, 119 37, 17 136, 46 4, 50 81, 116 29, 126 36, 92 38, 128 134, 18 82, 97 128, 110 12, 40 85, 131 105, 44 107, 77 76, 87 26, 143 24, 36 78, 45 90, 127 86, 28 34, 25 75, 127 46
A: 60 108, 36 65, 48 33, 76 49, 124 10, 39 30, 61 128, 93 74, 42 5, 52 73, 16 114, 20 41, 58 98, 85 27, 112 136, 136 8, 3 46, 90 90, 56 15, 104 101, 31 28, 8 63, 29 98, 93 18, 21 106, 83 142, 108 80, 131 17, 99 16, 7 119, 75 28, 55 113, 15 74, 41 44, 36 112, 103 19, 125 114, 126 57, 47 118, 112 34, 134 132, 42 116, 28 62, 18 33, 31 24, 61 65, 117 48, 91 93, 97 115, 82 139
