36 3 10 3
Wave 1:
E: 28 11, 25 11, 25 31, 5 8, 31 14, 11 16, 14 9, 21 4, 30 32, 33 11
F: 4 31, 30 14, 8 21, 26 12, 1 7, 20 22, 14 7, 15 21, 15 8, 28 18
W: 4 20, 1 16, 34 2, 18 34, 13 11, 11 30, 6 3, 7 21, 26 28, 6 14
A: 2 27, 14 21, 20 26, 6 28, 8 11, 3 33, 11 10, 31 30, 0 13, 27 8

Wave 2:
E: 20 8, 25 2, 5 14, 31 24, 18 13, 17 12, 11 1, 8 26, 5 6, 33 2
F: 23 2, 28 1, 24 32, 22 11, 22 7, 17 7, 14 23, 11 17, 31 32, 8 1
W: 23 26, 19 13, 34 9, 13 6, 26 13, 7 10, 8 35, 34 13, 18 27, 35 4
A: 25 15, 22 29, 17 17, 11 10, 25 5, 29 8, 12 11, 8 23, 4 3, 29 2

Wave 3:
E: 16 7, 21 13, 20 20, 31 34, 11 11, 23 21, 9 3, 11 21, 18 10, 2 32
F: 13 11, 34 26, 0 1, 27 0, 2 1, 16 25, 27 23, 31 28, 4 23, 1 34
W: 27 5, 31 30, 23 7, 10 5, 31 33, 11 34, 20 15, 12 14, 29 12, 25 22
A: 18 31, 31 15, 33 25, 6 13, 29 5, 16 24, 7 10, 32 8, 24 12, 32 9
